# table produced by mapDamage version 2.2.1
# using mapped file d3.sorted.bam and chr22.fa.gz as reference file
# Chr: reference from sam/bam header, End: from which termini of DNA sequences, Std: strand of reads
Chr	End	Std	Pos	A	C	G	T	Total	G>A	C>T	A>G	T>C	A>C	A>T	C>G	C>A	T>G	T>A	G>C	G>T	A>-	T>-	C>-	G>-	->A	->T	->C	->G	S
chr22	3p	+	1	59086	59817	54910	63075	236888	10534	123	100	27	29	21	88	242	106	269	29	31	0	0	0	0	0	0	0	0	0
chr22	3p	+	2	58737	57902	57472	62777	236888	6859	151	64	28	33	29	68	124	72	90	26	24	0	0	0	0	0	0	0	0	0
chr22	3p	+	3	62353	56270	56853	61412	236888	4666	148	26	25	27	17	28	80	29	67	14	17	0	0	0	0	0	0	0	0	0
chr22	3p	+	4	61971	56663	56727	61527	236888	3118	172	26	28	24	23	25	16	23	29	21	26	0	0	0	0	0	0	0	0	0
chr22	3p	+	5	61356	57280	57050	61200	236886	2061	159	16	30	17	26	25	35	26	28	21	10	0	0	0	0	1	0	1	0	0
chr22	3p	+	6	61331	56808	57046	61703	236888	1525	152	24	22	22	26	13	30	16	20	25	22	0	0	0	0	0	0	0	0	0
chr22	3p	+	7	61833	56883	56478	61693	236887	1052	166	25	30	25	11	20	22	22	22	22	20	0	0	0	0	1	0	0	0	0
chr22	3p	+	8	61030	57162	57303	61393	236888	828	186	27	27	27	21	20	15	15	21	13	22	0	0	0	0	0	0	0	0	0
chr22	3p	+	9	62114	57065	56168	61541	236888	659	195	15	16	21	21	16	17	20	26	27	26	0	0	0	0	0	0	0	0	0
chr22	3p	+	10	61814	57149	56642	61283	236888	562	219	27	16	23	32	29	23	9	20	22	19	0	0	0	0	0	0	0	0	0
chr22	3p	+	11	61514	56828	56858	61688	236888	497	177	32	23	11	19	18	23	26	24	19	20	0	0	0	0	0	0	0	0	0
chr22	3p	+	12	61489	57124	56700	61575	236888	428	188	28	29	19	18	21	14	21	20	19	30	0	0	0	0	0	0	0	0	0
chr22	3p	+	13	62159	57197	56590	60942	236888	421	204	20	22	26	20	20	29	20	21	18	18	0	0	0	0	0	0	0	0	0
chr22	3p	+	14	61724	56837	56964	61363	236888	415	204	19	22	26	21	27	19	21	21	19	27	0	0	0	0	0	0	0	0	0
chr22	3p	+	15	61604	56783	56952	61549	236888	377	219	25	24	31	19	27	21	15	16	19	20	0	0	0	0	0	0	0	0	0
chr22	3p	+	16	61826	56735	56741	61586	236888	377	206	25	21	24	25	27	17	18	24	28	22	0	0	0	0	0	0	0	0	0
chr22	3p	+	17	61882	56826	56650	61530	236888	393	232	19	16	19	23	23	16	12	22	27	16	0	0	0	0	0	0	0	0	0
chr22	3p	+	18	61747	56808	56882	61451	236888	377	210	27	32	26	19	13	21	19	21	23	31	0	0	0	0	0	0	0	0	0
chr22	3p	+	19	61595	56643	57130	61520	236888	387	214	23	24	25	22	20	20	23	23	20	19	0	0	0	0	0	0	0	0	0
chr22	3p	+	20	61820	56920	56490	61658	236888	345	221	22	12	31	27	15	17	28	26	22	14	0	0	0	0	0	0	0	0	0
chr22	3p	+	21	61920	56496	56646	61826	236888	337	232	32	19	21	18	24	13	25	21	32	24	0	0	0	0	0	0	0	0	0
chr22	3p	+	22	61772	57043	56456	61617	236888	355	264	25	12	19	32	23	17	20	33	21	27	0	0	0	0	0	0	0	0	0
chr22	3p	+	23	61923	56761	56828	61376	236888	357	229	20	15	24	17	14	21	16	23	31	26	0	0	0	0	0	0	0	0	0
chr22	3p	+	24	61936	56609	57031	61312	236888	339	249	15	16	25	22	20	24	25	18	25	23	0	0	0	0	0	0	0	0	0
chr22	3p	+	25	61936	56976	56630	61346	236888	325	283	19	21	22	16	16	18	23	28	15	17	0	0	0	0	0	0	0	0	0
chr22	3p	+	26	61847	57022	56823	61196	236888	328	277	15	15	22	19	18	19	21	21	17	25	0	0	0	0	0	0	0	0	0
chr22	3p	+	27	61515	57201	57089	61083	236888	339	278	23	22	29	15	31	16	19	17	16	27	0	0	0	0	0	0	0	0	0
chr22	3p	+	28	61699	57082	56451	61656	236888	304	278	17	15	20	26	12	18	23	18	22	18	0	0	0	0	0	0	0	0	0
chr22	3p	+	29	62165	56842	56509	61372	236888	299	280	20	20	21	21	23	22	17	18	26	17	0	0	0	0	0	0	0	0	0
chr22	3p	+	30	61619	56879	56866	61524	236888	316	266	24	13	25	18	16	16	22	21	20	15	0	0	0	0	0	0	0	0	0
chr22	3p	+	31	61624	56543	56966	61755	236888	302	259	33	20	23	21	31	11	23	22	20	28	0	0	0	0	0	0	0	0	0
chr22	3p	+	32	62182	56881	56764	61061	236888	269	285	18	24	17	18	20	21	14	21	26	22	0	0	0	0	0	0	0	0	0
chr22	3p	+	33	61419	56977	56782	61710	236888	288	315	23	10	18	20	12	20	23	15	33	30	0	0	0	0	0	0	0	0	0
chr22	3p	+	34	61714	56489	56964	61721	236888	320	307	22	17	34	23	20	18	21	22	15	22	0	0	0	0	0	0	0	0	0
chr22	3p	+	35	61950	57386	56568	60984	236888	274	367	22	23	21	24	19	22	20	14	17	21	0	0	0	0	0	0	0	0	0
chr22	3p	+	36	61607	56884	56888	61509	236888	244	414	23	21	18	18	17	21	24	22	20	25	0	0	0	0	0	0	0	0	0
chr22	3p	+	37	62174	56655	56551	61508	236888	269	453	24	25	16	22	23	17	17	19	23	22	0	0	0	0	0	0	0	0	0
chr22	3p	+	38	61965	56607	57063	61239	236874	256	575	20	24	23	24	20	25	26	24	25	23	0	0	0	0	0	0	0	0	0
chr22	3p	+	39	61895	56354	56620	62005	236874	257	705	35	25	24	24	22	18	17	28	22	14	0	0	0	0	0	0	0	0	0
chr22	3p	+	40	61933	56532	56787	61597	236849	266	922	24	24	19	17	15	14	22	14	21	25	0	0	0	0	0	0	0	0	0
chr22	3p	+	41	60848	55677	55737	60547	232809	239	964	28	24	20	18	14	16	20	16	15	25	0	0	0	0	0	0	0	0	0
chr22	3p	+	42	59665	54730	54689	59408	228492	247	966	22	22	15	24	15	18	21	22	18	17	0	0	0	0	0	0	0	0	0
chr22	3p	+	43	58179	53501	53956	57816	223452	223	980	17	23	16	16	17	16	20	28	26	16	0	0	0	0	0	0	0	0	0
chr22	3p	+	44	57163	52554	52357	56882	218956	213	984	14	18	20	18	22	24	20	20	17	25	0	0	0	0	0	0	0	0	0
chr22	3p	+	45	56356	51381	51440	54971	214148	223	965	16	18	22	18	7	20	23	14	18	31	0	0	0	0	0	0	0	0	0
chr22	3p	+	46	54671	49970	50206	54296	209143	195	978	20	19	21	16	18	20	21	19	27	33	0	0	0	0	0	0	0	0	0
chr22	3p	+	47	53463	48960	49151	52753	204327	187	974	22	25	23	21	18	18	17	21	19	14	0	0	0	0	0	0	0	0	0
chr22	3p	+	48	51947	47751	48028	51371	199097	182	1010	15	17	18	20	14	18	11	12	14	11	0	0	0	0	0	0	0	0	0
chr22	3p	+	49	50229	46685	46501	50501	193916	202	975	16	12	26	17	10	15	20	16	16	14	0	0	0	0	0	0	0	0	0
chr22	3p	+	50	49272	45522	45183	48959	188936	167	1021	25	18	15	15	12	14	14	13	17	21	0	0	0	0	0	0	0	0	0
chr22	3p	+	51	47815	44122	43971	47718	183626	178	905	14	23	23	8	22	16	21	15	17	11	0	0	0	0	0	0	0	0	0
chr22	3p	+	52	46732	42906	42544	46173	178355	176	876	18	15	20	13	16	18	15	14	19	15	0	0	0	0	0	0	0	0	0
chr22	3p	+	53	45179	41325	41875	45279	173658	153	881	18	18	13	17	11	13	15	18	16	14	0	0	0	0	0	0	0	0	0
chr22	3p	+	54	43938	40539	40553	44071	169101	148	841	19	14	11	15	11	13	12	25	20	16	0	0	0	0	0	0	0	0	0
chr22	3p	+	55	42953	39591	39490	42738	164772	142	869	14	7	19	13	18	12	16	14	15	13	0	0	0	0	0	0	0	0	0
chr22	3p	+	56	41856	38592	38409	41464	160321	154	844	12	11	10	14	19	10	13	15	11	15	0	0	0	0	0	0	0	0	0
chr22	3p	+	57	40319	37580	37205	40518	155622	138	820	17	19	13	11	12	15	14	16	14	12	0	0	0	0	0	0	0	0	0
chr22	3p	+	58	39593	36533	36024	39403	151553	125	781	16	14	17	20	15	10	15	12	20	9	0	0	0	0	0	0	0	0	0
chr22	3p	+	59	38687	35492	35414	37997	147590	129	797	14	16	10	16	9	16	11	8	17	12	0	0	0	0	0	0	0	0	0
chr22	3p	+	60	37553	34552	34180	37323	143608	124	782	16	12	14	19	13	12	13	12	13	14	0	0	0	0	0	0	0	0	0
chr22	3p	+	61	36248	33472	33099	36220	139039	114	732	17	15	17	11	5	8	13	13	15	18	0	0	0	0	0	0	0	0	0
chr22	3p	+	62	35239	32606	32504	34986	135335	108	728	15	11	11	10	10	9	7	17	11	8	0	0	0	0	0	0	0	0	0
chr22	3p	+	63	34258	31806	31695	34092	131851	107	718	12	11	14	16	10	14	8	11	10	12	0	0	0	0	0	0	0	0	0
chr22	3p	+	64	33388	30669	30895	33340	128292	91	689	12	11	16	9	6	11	9	7	10	16	0	0	0	0	0	0	0	0	0
chr22	3p	+	65	32420	29832	30030	32449	124731	108	636	18	12	14	16	13	12	21	8	17	12	0	0	0	0	0	0	0	0	0
chr22	3p	+	66	31539	29238	29055	31705	121537	97	663	15	11	12	17	8	6	5	10	16	12	0	0	0	0	0	0	0	0	0
chr22	3p	+	67	31127	28440	28245	30438	118250	93	661	11	13	10	9	6	13	9	6	12	10	0	0	0	0	0	0	0	0	0
chr22	3p	+	68	30130	27215	27850	30142	115337	95	645	10	10	6	6	5	13	9	6	9	12	0	0	0	0	0	0	0	0	0
chr22	3p	+	69	29345	26643	26764	29247	111999	79	608	6	5	10	8	12	13	7	9	14	7	0	0	0	0	0	0	0	0	0
chr22	3p	+	70	28519	26146	26049	28204	108918	73	600	6	13	5	13	13	13	5	9	13	9	0	0	0	0	0	0	0	0	0
chr22	3p	-	1	58499	59934	55099	63468	237000	10417	120	105	30	26	40	80	239	96	259	24	24	0	0	0	0	0	0	0	0	0
chr22	3p	-	2	58766	57836	57435	62963	237000	6787	144	88	23	22	39	71	91	80	93	21	41	0	0	0	0	0	0	0	0	0
chr22	3p	-	3	62174	56135	56405	62286	237000	4501	128	21	25	30	22	33	70	31	84	31	25	0	0	0	0	0	0	0	0	0
chr22	3p	-	4	61364	56846	56686	62104	237000	3030	142	21	27	22	26	23	27	25	27	24	15	0	0	0	0	0	0	0	0	0
chr22	3p	-	5	61625	56984	56892	61499	237000	2067	145	27	21	25	26	20	32	25	38	25	23	0	0	0	0	0	0	0	0	0
chr22	3p	-	6	61386	56948	56406	62259	236999	1408	155	25	20	22	25	26	21	19	23	21	20	0	0	0	0	1	0	0	0	0
chr22	3p	-	7	61661	57025	56629	61685	237000	1086	161	29	27	28	19	18	24	18	24	22	25	0	0	0	0	0	0	0	0	0
chr22	3p	-	8	60771	57040	57604	61585	237000	803	159	15	24	25	23	24	13	22	19	25	28	0	0	0	0	0	0	0	0	0
chr22	3p	-	9	61997	56435	56411	62157	237000	698	182	22	20	22	16	23	20	26	20	22	26	0	0	0	0	0	0	0	0	0
chr22	3p	-	10	61216	57048	56905	61831	237000	574	193	27	16	22	21	24	24	18	32	31	17	0	0	0	0	0	0	0	0	0
chr22	3p	-	11	61295	56791	57003	61911	237000	494	167	20	19	23	25	20	27	18	23	16	18	0	0	0	0	0	0	0	0	0
chr22	3p	-	12	61673	56725	56915	61687	237000	446	204	20	22	25	22	19	9	16	18	18	20	0	0	0	0	0	0	0	0	0
chr22	3p	-	13	61378	56771	57238	61613	237000	416	205	20	27	28	23	29	18	18	20	26	19	0	0	0	0	0	0	0	0	0
chr22	3p	-	14	61502	56684	56726	62088	237000	388	233	25	21	20	19	17	19	27	18	19	24	0	0	0	0	0	0	0	0	0
chr22	3p	-	15	61070	57003	57056	61871	237000	417	207	21	24	25	14	17	14	20	21	14	20	0	0	0	0	0	0	0	0	0
chr22	3p	-	16	61432	56754	56955	61859	237000	361	200	18	21	17	27	14	21	21	20	25	23	0	0	0	0	0	0	0	0	0
chr22	3p	-	17	61429	56914	56982	61675	237000	380	206	20	21	18	22	18	17	18	18	17	20	0	0	0	0	0	0	0	0	0
chr22	3p	-	18	61231	56680	57184	61905	237000	351	207	24	27	17	17	19	16	16	23	28	21	0	0	0	0	0	0	0	0	0
chr22	3p	-	19	61117	56580	57041	62262	237000	360	215	34	23	21	19	17	25	22	21	18	26	0	0	0	0	0	0	0	0	0
chr22	3p	-	20	61481	56813	56550	62156	237000	344	230	27	21	24	16	11	16	33	18	23	26	0	0	0	0	0	0	0	0	0
chr22	3p	-	21	61426	56553	56970	62051	237000	342	237	27	30	18	22	20	17	23	15	16	19	0	0	0	0	0	0	0	0	0
chr22	3p	-	22	61675	56903	57082	61340	237000	372	237	29	19	19	23	16	19	16	16	20	17	0	0	0	0	0	0	0	0	0
chr22	3p	-	23	61470	56662	56873	61995	237000	328	237	17	22	22	22	26	15	17	25	21	30	0	0	0	0	0	0	0	0	0
chr22	3p	-	24	61465	56960	56551	62024	237000	339	261	23	19	15	23	20	23	23	14	17	23	0	0	0	0	0	0	0	0	0
chr22	3p	-	25	61654	56718	56840	61788	237000	359	253	19	20	20	26	25	9	21	18	24	22	0	0	0	0	0	0	0	0	0
chr22	3p	-	26	61610	56886	56675	61829	237000	310	278	28	21	18	23	19	19	10	20	23	18	0	0	0	0	0	0	0	0	0
chr22	3p	-	27	61352	56959	56912	61777	237000	329	258	18	22	23	24	26	21	17	15	26	23	0	0	0	0	0	0	0	0	0
chr22	3p	-	28	61451	56659	56967	61923	237000	290	269	30	20	15	29	19	15	24	18	14	29	0	0	0	0	0	0	0	0	0
chr22	3p	-	29	61278	56908	56474	62340	237000	323	295	30	13	12	19	22	21	20	30	26	26	0	0	0	0	0	0	0	0	0
chr22	3p	-	30	61396	56625	56721	62258	237000	302	313	28	19	21	18	28	18	17	21	17	26	0	0	0	0	0	0	0	0	0
chr22	3p	-	31	61559	56671	56818	61952	237000	324	288	17	20	25	15	22	12	16	14	28	23	0	0	0	0	0	0	0	0	0
chr22	3p	-	32	61337	57082	56788	61793	237000	285	278	29	17	22	17	21	18	20	16	17	23	0	0	0	0	0	0	0	0	0
chr22	3p	-	33	61475	56829	56669	62027	237000	277	321	27	19	14	22	20	17	15	23	29	31	0	0	0	0	0	0	0	0	0
chr22	3p	-	34	61489	57007	56747	61757	237000	317	353	17	27	19	21	15	21	16	15	17	22	0	0	0	0	0	0	0	0	0
chr22	3p	-	35	61877	56796	56920	61407	237000	275	359	20	20	24	23	27	18	19	24	20	29	0	0	0	0	0	0	0	0	0
chr22	3p	-	36	61773	57055	56607	61565	237000	293	386	23	20	18	14	16	16	15	24	17	25	0	0	0	0	0	0	0	0	0
chr22	3p	-	37	61301	56684	57066	61949	237000	299	444	18	23	26	22	18	17	24	14	14	17	0	0	0	0	0	0	0	0	0
chr22	3p	-	38	61729	56581	56898	61779	236987	263	574	17	21	22	23	14	20	26	22	25	16	0	0	0	0	0	0	0	0	0
chr22	3p	-	39	61300	56598	57133	61956	236987	263	682	22	26	24	29	23	24	10	20	19	17	0	0	0	0	0	0	0	0	0
chr22	3p	-	40	61431	56016	57357	62162	236966	221	939	20	18	18	22	18	29	20	27	26	21	0	0	0	0	0	0	0	0	0
chr22	3p	-	41	60750	55647	55989	60509	232895	242	943	24	22	17	24	20	20	20	29	15	17	0	0	0	0	0	0	0	0	0
chr22	3p	-	42	59125	54590	54872	60010	228597	269	950	21	30	20	25	24	16	17	20	18	25	0	0	0	0	0	0	0	0	0
chr22	3p	-	43	58087	53528	53582	58414	223611	240	992	19	20	20	35	20	20	17	21	15	12	0	0	0	0	0	0	0	0	0
chr22	3p	-	44	56806	52409	52559	57181	218955	207	936	27	19	16	24	22	26	21	8	22	23	0	0	0	0	0	0	0	0	0
chr22	3p	-	45	55853	51345	51203	55630	214031	221	977	17	26	26	25	13	21	17	18	17	21	0	0	0	0	0	0	0	0	0
chr22	3p	-	46	54354	50236	50256	54230	209076	218	944	16	19	28	14	19	17	6	23	15	20	0	0	0	0	0	0	0	0	0
chr22	3p	-	47	52580	49102	49158	53318	204158	186	1033	16	11	17	9	15	16	15	13	21	14	0	0	0	0	0	0	0	0	0
chr22	3p	-	48	51876	47868	47638	51551	198933	183	990	23	26	22	19	12	14	16	13	12	19	0	0	0	0	0	0	0	0	0
chr22	3p	-	49	50473	46795	46426	50058	193752	185	994	21	20	18	14	16	21	17	21	19	18	0	0	0	0	0	0	0	0	0
chr22	3p	-	50	48855	45625	45122	49104	188706	166	1037	20	16	11	19	14	13	18	7	17	17	0	0	0	0	0	0	0	0	0
chr22	3p	-	51	47194	44316	44067	47958	183535	179	949	16	16	26	28	14	19	11	18	16	10	0	0	0	0	0	0	0	0	0
chr22	3p	-	52	46025	42847	42958	46322	178152	151	923	15	11	16	13	20	12	15	13	17	18	0	0	0	0	0	0	0	0	0
chr22	3p	-	53	44993	41501	41555	45273	173322	148	911	17	16	13	15	16	12	13	15	17	14	0	0	0	0	0	0	0	0	0
chr22	3p	-	54	44085	40383	40446	43886	168800	139	872	16	15	15	16	16	15	11	18	15	16	0	0	0	0	0	0	0	0	0
chr22	3p	-	55	42335	39499	39789	42712	164335	134	888	15	15	18	7	18	19	10	18	14	12	0	0	0	0	0	0	0	0	0
chr22	3p	-	56	41877	38307	38173	41523	159880	121	861	10	15	15	18	10	16	13	12	20	17	0	0	0	0	0	0	0	0	0
chr22	3p	-	57	40323	37462	36902	40593	155280	140	786	17	18	14	13	12	14	12	12	10	15	0	0	0	0	0	0	0	0	0
chr22	3p	-	58	39009	36472	35988	39660	151129	117	789	18	9	10	16	6	11	10	17	21	12	0	0	0	0	0	0	0	0	0
chr22	3p	-	59	38207	35261	35415	38349	147232	134	747	10	14	17	17	12	12	14	11	17	16	0	0	0	0	0	0	0	0	0
chr22	3p	-	60	37177	34278	34519	37145	143119	126	771	16	16	18	11	11	8	12	17	10	14	0	0	0	0	0	0	0	0	0
chr22	3p	-	61	36067	33175	33089	36220	138551	101	753	13	13	14	16	22	20	15	10	15	12	0	0	0	0	0	0	0	0	0
chr22	3p	-	62	35008	32562	32341	34971	134882	99	681	8	21	12	8	10	11	12	13	9	13	0	0	0	0	0	0	0	0	0
chr22	3p	-	63	34145	31683	31305	34275	131408	114	707	16	20	16	13	13	13	15	13	12	18	0	0	0	0	0	0	0	0	0
chr22	3p	-	64	33051	30654	30565	33442	127712	97	723	13	11	16	9	13	18	7	10	9	14	0	0	0	0	0	0	0	0	0
chr22	3p	-	65	32311	29640	29695	32509	124155	92	680	19	12	13	13	11	13	14	14	11	19	0	0	0	0	0	0	0	0	0
chr22	3p	-	66	31092	28786	29310	31635	120823	102	644	7	9	10	9	10	10	17	13	12	6	0	0	0	0	0	0	0	0	0
chr22	3p	-	67	30424	27933	28330	30908	117595	113	612	10	12	11	16	14	12	12	12	12	11	0	0	0	0	0	0	0	0	0
chr22	3p	-	68	29731	27395	27640	29853	114619	100	633	6	10	8	11	9	9	8	7	14	7	0	0	0	0	0	0	0	0	0
chr22	3p	-	69	28984	26374	26771	29133	111262	88	576	7	10	7	10	9	6	7	10	7	9	0	0	0	0	0	0	0	0	0
chr22	3p	-	70	27931	26112	25876	28347	108266	73	586	11	13	8	3	6	5	15	10	7	9	0	0	0	0	0	0	0	0	0
chr22	5p	+	1	61970	56575	56489	61854	236888	86	12562	27	20	25	25	24	22	30	28	20	17	0	0	0	0	0	0	0	0	0
chr22	5p	+	2	61888	56537	56918	61545	236888	110	8165	15	21	18	14	21	17	17	14	17	15	0	0	0	0	0	0	0	0	0
chr22	5p	+	3	62059	56628	56672	61529	236888	137	5321	41	45	39	33	59	69	42	44	47	34	0	0	0	0	0	0	0	0	0
chr22	5p	+	4	61741	56930	56496	61721	236888	163	3613	34	32	36	31	54	46	34	38	22	27	0	0	0	0	0	0	0	0	0
chr22	5p	+	5	61458	56966	56836	61628	236888	124	2386	14	24	16	17	11	15	18	17	16	14	0	0	0	0	0	0	0	0	0
chr22	5p	+	6	61935	56815	56632	61506	236888	148	1679	18	14	15	14	22	14	19	24	25	39	0	0	0	0	0	0	0	0	0
chr22	5p	+	7	61850	56802	56658	61578	236888	132	1217	26	22	10	23	10	23	16	11	23	33	0	0	0	0	0	0	0	0	0
chr22	5p	+	8	61573	56748	57036	61531	236888	155	902	13	18	17	19	15	17	13	18	20	33	0	0	0	0	0	0	0	0	0
chr22	5p	+	9	61749	56649	57038	61452	236888	203	673	21	14	23	27	10	19	17	27	27	17	0	0	0	0	0	0	0	0	0
chr22	5p	+	10	61960	56451	56923	61554	236888	158	582	12	21	23	18	14	18	21	14	27	25	0	0	0	0	0	0	0	0	0
chr22	5p	+	11	61873	56818	56892	61305	236888	175	515	18	18	18	15	16	21	24	15	14	15	0	0	0	0	0	0	0	0	0
chr22	5p	+	12	61616	57015	56805	61452	236888	198	454	18	17	12	22	22	15	24	19	29	14	0	0	0	0	0	0	0	0	0
chr22	5p	+	13	61662	56960	56679	61587	236888	171	439	23	20	17	23	12	20	21	15	10	25	0	0	0	0	0	0	0	0	0
chr22	5p	+	14	61685	56795	57021	61387	236888	199	429	18	15	18	9	12	10	16	16	21	18	0	0	0	0	0	0	0	0	0
chr22	5p	+	15	61659	57043	56724	61462	236888	201	426	16	12	13	16	11	14	15	17	20	19	0	0	0	0	0	0	0	0	0
chr22	5p	+	16	61671	56868	56878	61471	236888	181	367	15	18	19	16	15	10	11	12	16	15	0	0	0	0	0	0	0	0	0
chr22	5p	+	17	61798	56617	56981	61492	236888	168	368	11	11	14	14	6	16	23	15	13	16	0	0	0	0	0	0	0	0	0
chr22	5p	+	18	61768	56851	57110	61159	236888	182	341	16	18	20	11	12	12	16	17	19	24	0	0	0	0	0	0	0	0	0
chr22	5p	+	19	61778	56939	56823	61348	236888	209	352	14	12	22	12	9	15	17	24	16	11	0	0	0	0	0	0	0	0	0
chr22	5p	+	20	62082	56835	56740	61231	236888	197	347	20	19	21	19	11	14	17	11	13	18	0	0	0	0	0	0	0	0	0
chr22	5p	+	21	62425	56534	56616	61313	236888	204	352	26	15	19	8	15	10	16	21	14	20	0	0	0	0	0	0	0	0	0
chr22	5p	+	22	62039	56971	56674	61204	236888	232	371	12	16	17	26	6	7	17	15	18	24	0	0	0	0	0	0	0	0	0
chr22	5p	+	23	61288	57028	56982	61590	236888	229	328	22	18	16	17	16	22	14	21	21	19	0	0	0	0	0	0	0	0	0
chr22	5p	+	24	61685	57157	56649	61397	236888	270	337	17	24	9	23	13	12	18	18	26	21	0	0	0	0	0	0	0	0	0
chr22	5p	+	25	61929	57008	56885	61066	236888	270	347	22	24	15	14	12	13	21	22	22	20	0	0	0	0	0	0	0	0	0
chr22	5p	+	26	61975	56782	56779	61352	236888	239	336	21	14	16	17	13	17	20	22	19	27	0	0	0	0	0	0	0	0	0
chr22	5p	+	27	61824	56350	56770	61944	236888	249	302	22	13	17	15	22	10	27	25	29	18	0	0	0	0	0	0	0	0	0
chr22	5p	+	28	61778	56727	57010	61373	236888	289	302	22	15	14	28	23	14	18	21	24	18	0	0	0	0	0	0	0	0	0
chr22	5p	+	29	61571	57051	56780	61486	236888	266	319	23	20	18	18	22	17	14	25	22	32	0	0	0	0	0	0	0	0	0
chr22	5p	+	30	62089	56770	56502	61527	236888	294	312	19	20	28	26	20	21	19	24	32	20	0	0	0	0	0	0	0	0	0
chr22	5p	+	31	61679	56768	56897	61544	236888	291	296	25	20	23	25	18	16	16	20	18	15	0	0	0	0	0	0	0	0	0
chr22	5p	+	32	61448	56664	56952	61824	236888	268	279	21	14	33	31	30	30	25	17	29	18	0	0	0	0	0	0	0	0	0
chr22	5p	+	33	61734	56733	56912	61509	236888	333	320	33	20	26	16	23	12	24	17	30	17	0	0	0	0	0	0	0	0	0
chr22	5p	+	34	61744	56998	56743	61403	236888	288	292	26	21	23	34	13	18	23	30	26	23	0	0	0	0	0	0	0	0	0
chr22	5p	+	35	61694	56903	56686	61605	236888	351	298	26	21	31	26	28	26	27	23	24	23	0	0	0	0	0	0	0	0	0
chr22	5p	+	36	61637	56879	57044	61328	236888	361	314	25	30	20	31	25	33	25	21	20	24	0	0	0	0	0	0	0	0	0
chr22	5p	+	37	62119	56840	56478	61451	236888	461	282	25	33	32	23	25	16	20	22	20	23	0	0	0	0	0	0	0	0	0
chr22	5p	+	38	61604	57215	56652	61403	236874	540	297	24	26	26	19	27	25	23	25	24	18	0	0	0	0	0	0	0	0	0
chr22	5p	+	39	61293	57035	56847	61699	236874	672	256	17	23	22	26	19	16	21	26	19	22	0	0	0	0	0	0	0	0	0
chr22	5p	+	40	61811	56912	56569	61557	236849	913	292	26	31	28	23	24	24	25	25	29	23	0	0	0	0	0	0	0	0	0
chr22	5p	+	41	60528	56070	55566	60645	232809	976	267	22	20	23	22	25	20	18	22	26	21	0	0	0	0	0	0	0	0	0
chr22	5p	+	42	59436	54608	55259	59189	228492	991	245	22	25	24	25	28	24	30	17	16	14	0	0	0	0	0	0	0	0	0
chr22	5p	+	43	58234	53888	53473	57857	223452	1021	231	29	14	23	14	16	24	16	18	23	24	0	0	0	0	0	0	0	0	0
chr22	5p	+	44	57050	52510	52523	56873	218956	1008	250	19	24	19	21	13	28	18	24	23	20	0	0	0	0	0	0	0	0	0
chr22	5p	+	45	55872	51619	51235	55422	214148	931	238	28	31	24	13	22	17	15	14	24	19	0	0	0	0	0	0	0	0	0
chr22	5p	+	46	54429	50273	49821	54620	209143	979	217	22	20	19	29	13	14	11	26	20	20	0	0	0	0	0	0	0	0	0
chr22	5p	+	47	53071	48996	49065	53195	204327	974	191	16	17	21	17	9	10	27	25	24	17	0	0	0	0	0	0	0	0	0
chr22	5p	+	48	52132	47665	47965	51335	199097	979	187	21	21	23	27	20	21	13	24	15	27	0	0	0	0	0	0	0	0	0
chr22	5p	+	49	50692	46756	46361	50107	193916	977	189	13	15	24	19	20	15	13	23	22	19	0	0	0	0	0	0	0	0	0
chr22	5p	+	50	49329	45516	45217	48874	188936	978	196	18	17	16	12	13	17	14	21	16	13	0	0	0	0	0	0	0	0	0
chr22	5p	+	51	47673	44411	43871	47671	183626	908	186	30	27	16	21	9	12	16	10	9	21	0	0	0	0	0	0	0	0	0
chr22	5p	+	52	46238	43192	42703	46222	178355	891	185	24	20	19	17	19	12	16	14	18	22	0	0	0	0	0	0	0	0	0
chr22	5p	+	53	45677	41484	41736	44761	173658	852	146	16	10	20	13	14	15	18	19	19	22	0	0	0	0	0	0	0	0	0
chr22	5p	+	54	43927	40799	40671	43704	169101	838	182	16	11	18	14	12	12	21	12	16	18	0	0	0	0	0	0	0	0	0
chr22	5p	+	55	43414	39266	39338	42754	164772	842	177	18	15	20	15	13	17	15	20	21	18	0	0	0	0	0	0	0	0	0
chr22	5p	+	56	41631	38449	38589	41652	160321	895	151	18	13	17	16	10	14	10	11	15	14	0	0	0	0	0	0	0	0	0
chr22	5p	+	57	40434	37319	37558	40311	155622	779	154	16	11	15	14	8	13	13	18	13	18	0	0	0	0	0	0	0	0	0
chr22	5p	+	58	39628	36348	36353	39224	151553	792	156	14	12	15	13	11	12	15	12	13	10	0	0	0	0	0	0	0	0	0
chr22	5p	+	59	38591	35361	35592	38046	147590	720	152	13	14	16	10	9	16	11	15	11	15	0	0	0	0	0	0	0	0	0
chr22	5p	+	60	37658	34603	33999	37348	143608	743	149	15	13	20	12	12	13	12	12	12	9	0	0	0	0	0	0	0	0	0
chr22	5p	+	61	36315	33238	33373	36113	139039	739	151	15	9	10	10	14	8	14	8	12	14	0	0	0	0	0	0	0	0	0
chr22	5p	+	62	35422	32300	32508	35105	135335	703	125	14	11	12	17	14	12	6	11	15	14	0	0	0	0	0	0	0	0	0
chr22	5p	+	63	34527	31104	31903	34317	131851	726	120	15	16	13	9	12	15	8	9	9	9	0	0	0	0	0	0	0	0	0
chr22	5p	+	64	33303	30862	30958	33169	128292	644	117	18	12	14	7	15	10	13	11	9	5	0	0	0	0	0	0	0	0	0
chr22	5p	+	65	32416	29913	29753	32649	124731	632	118	14	15	13	12	15	12	11	15	13	10	0	0	0	0	0	0	0	0	0
chr22	5p	+	66	31750	29256	28913	31618	121537	590	113	12	10	19	12	10	18	13	8	13	7	0	0	0	0	0	0	0	0	0
chr22	5p	+	67	30913	28230	28435	30672	118250	647	106	6	8	9	8	9	10	11	9	9	11	0	0	0	0	0	0	0	0	0
chr22	5p	+	68	30168	27650	27595	29924	115337	573	88	14	10	7	14	6	7	5	13	15	14	0	0	0	0	0	0	0	0	0
chr22	5p	+	69	29354	26772	26880	28993	111999	559	104	7	10	11	6	8	7	7	9	17	10	0	0	0	0	0	0	0	0	0
chr22	5p	+	70	28438	25804	26398	28278	108918	597	104	7	13	11	10	11	8	12	13	10	12	0	0	0	0	0	0	0	0	0
chr22	5p	-	1	61690	56517	56859	61934	237000	111	12537	34	26	23	23	16	25	21	26	23	37	0	0	0	0	0	0	0	0	0
chr22	5p	-	2	61462	56830	56718	61990	237000	122	8241	24	21	22	22	18	15	21	21	16	23	0	0	0	0	0	0	0	0	0
chr22	5p	-	3	61509	56914	56891	61686	237000	140	5307	43	45	40	55	58	68	43	49	52	46	0	0	0	0	0	0	0	0	0
chr22	5p	-	4	61832	56577	57111	61480	237000	143	3542	34	28	29	33	41	50	41	37	34	23	0	0	0	0	0	0	0	0	0
chr22	5p	-	5	61597	56800	56880	61723	237000	135	2429	9	20	20	25	19	7	18	16	16	12	0	0	0	0	0	0	0	0	0
chr22	5p	-	6	61406	56679	56898	62017	237000	134	1677	22	28	20	21	19	25	19	20	17	23	0	0	0	0	0	0	0	0	0
chr22	5p	-	7	61852	56480	57071	61597	237000	142	1218	14	27	23	19	17	14	14	21	29	27	0	0	0	0	0	0	0	0	0
chr22	5p	-	8	61707	56573	57118	61602	237000	150	912	15	20	14	19	9	12	20	22	18	20	0	0	0	0	0	0	0	0	0
chr22	5p	-	9	61690	56502	57136	61672	237000	175	738	15	18	17	7	14	15	19	11	23	16	0	0	0	0	0	0	0	0	0
chr22	5p	-	10	61590	56630	56853	61927	237000	170	613	18	12	10	22	8	22	20	20	20	23	0	0	0	0	0	0	0	0	0
chr22	5p	-	11	61260	57033	56864	61843	237000	177	507	22	23	21	22	14	16	17	16	23	27	0	0	0	0	0	0	0	0	0
chr22	5p	-	12	61521	57088	56554	61837	237000	180	453	15	22	18	13	16	15	23	19	15	24	0	0	0	0	0	0	0	0	0
chr22	5p	-	13	61391	56641	57040	61928	237000	192	450	14	29	19	14	17	20	24	27	22	21	0	0	0	0	0	0	0	0	0
chr22	5p	-	14	61498	56675	57234	61593	237000	180	432	15	10	17	18	13	15	15	9	9	16	0	0	0	0	0	0	0	0	0
chr22	5p	-	15	61612	56739	57088	61561	237000	207	368	28	16	8	18	10	10	10	14	17	21	0	0	0	0	0	0	0	0	0
chr22	5p	-	16	61416	56959	56908	61717	237000	187	362	13	20	16	9	13	16	14	8	11	17	0	0	0	0	0	0	0	0	0
chr22	5p	-	17	61888	56537	56581	61994	237000	210	416	11	18	19	20	12	19	19	16	20	12	0	0	0	0	0	0	0	0	0
chr22	5p	-	18	61349	56455	57167	62029	237000	199	384	9	15	22	12	16	13	16	18	17	11	0	0	0	0	0	0	0	0	0
chr22	5p	-	19	61941	56897	56438	61724	237000	201	375	14	18	7	10	12	11	16	13	18	20	0	0	0	0	0	0	0	0	0
chr22	5p	-	20	61401	56850	57018	61731	237000	226	340	16	19	15	18	13	8	13	16	17	14	0	0	0	0	0	0	0	0	0
chr22	5p	-	21	61656	56345	57335	61664	237000	233	360	21	16	16	11	20	18	16	14	15	25	0	0	0	0	0	0	0	0	0
chr22	5p	-	22	61424	56532	57199	61845	237000	210	345	20	13	18	15	13	14	14	16	23	14	0	0	0	0	0	0	0	0	0
chr22	5p	-	23	61337	56728	57173	61762	237000	226	363	16	13	21	24	11	13	20	18	14	24	0	0	0	0	0	0	0	0	0
chr22	5p	-	24	61310	56857	57052	61781	237000	225	335	20	23	20	22	13	11	13	12	23	16	0	0	0	0	0	0	0	0	0
chr22	5p	-	25	61296	57012	56782	61910	237000	241	335	16	13	21	24	16	14	25	21	24	15	0	0	0	0	0	0	0	0	0
chr22	5p	-	26	61717	56514	56900	61869	237000	257	331	23	19	10	23	15	20	19	22	11	20	0	0	0	0	0	0	0	0	0
chr22	5p	-	27	61083	56934	57035	61948	237000	255	323	28	18	19	21	13	13	11	17	24	27	0	0	0	0	0	0	0	0	0
chr22	5p	-	28	61986	56712	56577	61725	237000	259	316	24	14	18	25	26	20	20	18	19	21	0	0	0	0	0	0	0	0	0
chr22	5p	-	29	61610	56418	57065	61907	237000	270	324	29	21	17	20	17	19	28	21	16	26	0	0	0	0	0	0	0	0	0
chr22	5p	-	30	61641	56547	57003	61809	237000	266	333	26	29	22	30	20	23	14	17	22	26	0	0	0	0	0	0	0	0	0
chr22	5p	-	31	61385	57143	56395	62077	237000	279	304	21	18	16	20	23	13	25	22	21	24	0	0	0	0	0	0	0	0	0
chr22	5p	-	32	61581	56903	56658	61858	237000	287	287	18	21	26	23	17	20	22	17	27	25	0	0	0	0	0	0	0	0	0
chr22	5p	-	33	61568	57061	56713	61658	237000	314	312	23	13	24	30	20	21	21	17	19	24	0	0	0	0	0	0	0	0	0
chr22	5p	-	34	61403	56755	56730	62112	237000	333	307	17	35	26	22	30	13	18	27	20	28	0	0	0	0	0	0	0	0	0
chr22	5p	-	35	60925	56940	57071	62064	237000	369	271	26	19	29	16	22	28	19	22	21	22	0	0	0	0	0	0	0	0	0
chr22	5p	-	36	61679	56842	56678	61801	237000	372	294	29	26	31	25	28	25	24	18	22	23	0	0	0	0	0	0	0	0	0
chr22	5p	-	37	61414	56865	56827	61894	237000	492	283	21	32	26	28	20	27	26	32	20	27	0	0	0	0	0	0	0	0	0
chr22	5p	-	38	61242	56705	57159	61881	236987	569	294	20	36	29	19	21	21	22	28	22	35	0	0	0	0	0	0	0	0	0
chr22	5p	-	39	61817	57119	56605	61446	236987	688	262	27	17	31	16	22	24	26	28	21	24	0	0	0	0	0	0	0	0	0
chr22	5p	-	40	61410	57106	56710	61740	236966	890	282	42	27	28	20	31	17	27	29	23	25	0	0	0	0	0	0	0	0	0
chr22	5p	-	41	60483	55766	55837	60809	232895	926	277	31	29	23	26	24	14	24	30	23	24	0	0	0	0	0	0	0	0	0
chr22	5p	-	42	59093	54569	55354	59581	228597	992	273	23	30	29	39	20	23	23	23	25	19	0	0	0	0	0	0	0	0	0
chr22	5p	-	43	57935	53658	53399	58619	223611	936	221	20	22	23	20	19	23	25	25	22	20	0	0	0	0	0	0	0	0	0
chr22	5p	-	44	56523	53031	52718	56683	218955	950	224	26	19	17	25	20	20	24	20	18	22	0	0	0	0	0	0	0	0	0
chr22	5p	-	45	55677	51610	50993	55751	214031	974	237	14	15	18	27	16	16	13	21	27	12	0	0	0	0	0	0	0	0	0
chr22	5p	-	46	54503	50213	50075	54285	209076	933	210	22	22	27	23	19	20	18	28	14	26	0	0	0	0	0	0	0	0	0
chr22	5p	-	47	53063	48938	49006	53151	204158	939	209	26	19	23	16	24	18	17	24	33	19	0	0	0	0	0	0	0	0	0
chr22	5p	-	48	51432	47956	47773	51772	198933	923	208	24	20	22	28	19	13	18	11	23	23	0	0	0	0	0	0	0	0	0
chr22	5p	-	49	50549	46412	46207	50584	193752	952	192	18	23	14	18	18	21	21	16	19	13	0	0	0	0	0	0	0	0	0
chr22	5p	-	50	49141	45080	45422	49063	188706	893	173	26	17	29	14	13	17	26	15	20	11	0	0	0	0	0	0	0	0	0
chr22	5p	-	51	47319	44130	44124	47962	183535	935	177	18	13	25	19	16	16	15	11	17	20	0	0	0	0	0	0	0	0	0
chr22	5p	-	52	45926	43067	42755	46404	178152	864	171	21	22	13	21	13	13	13	19	15	16	0	0	0	0	0	0	0	0	0
chr22	5p	-	53	44975	41636	41582	45129	173322	846	169	18	17	28	27	18	11	15	13	19	14	0	0	0	0	0	0	0	0	0
chr22	5p	-	54	44111	40550	40227	43912	168800	897	164	12	14	16	14	12	16	13	12	14	11	0	0	0	0	0	0	0	0	0
chr22	5p	-	55	42593	39281	39499	42962	164335	863	145	14	17	12	13	26	14	10	10	11	15	0	0	0	0	0	0	0	0	0
chr22	5p	-	56	41577	38302	38440	41561	159880	844	159	21	16	14	11	14	18	9	11	16	18	0	0	0	0	0	0	0	0	0
chr22	5p	-	57	40121	37252	37256	40651	155280	800	131	19	18	12	19	17	23	12	15	17	12	0	0	0	0	0	0	0	0	0
chr22	5p	-	58	39191	36241	36189	39508	151129	800	152	13	16	16	18	17	9	9	18	11	16	0	0	0	0	0	0	0	0	0
chr22	5p	-	59	38218	35307	35408	38299	147232	764	138	14	14	11	12	25	8	12	14	9	12	0	0	0	0	0	0	0	0	0
chr22	5p	-	60	37458	34466	34120	37075	143119	736	134	23	9	15	6	8	11	5	17	11	12	0	0	0	0	0	0	0	0	0
chr22	5p	-	61	36053	33055	33194	36249	138551	678	120	10	13	16	11	11	17	10	15	11	15	0	0	0	0	0	0	0	0	0
chr22	5p	-	62	34754	32470	32419	35239	134882	728	132	16	18	12	15	10	6	16	8	15	9	0	0	0	0	0	0	0	0	0
chr22	5p	-	63	33935	31669	31498	34306	131408	661	125	17	12	10	14	14	14	10	9	11	12	0	0	0	0	0	0	0	0	0
chr22	5p	-	64	33000	30535	30774	33403	127712	694	114	11	15	5	9	13	6	14	12	11	16	0	0	0	0	0	0	0	0	0
chr22	5p	-	65	32089	29910	29857	32299	124155	654	110	9	11	4	10	8	15	8	13	9	14	0	0	0	0	0	0	0	0	0
chr22	5p	-	66	31413	28931	29034	31445	120823	651	102	11	9	9	8	12	11	6	9	13	15	0	0	0	0	0	0	0	0	0
chr22	5p	-	67	30557	28255	28230	30553	117595	624	103	14	11	7	29	8	8	9	6	11	10	0	0	0	0	0	0	0	0	0
chr22	5p	-	68	29813	27400	27466	29940	114619	613	97	10	10	8	14	10	11	7	9	9	8	0	0	0	0	0	0	0	0	0
chr22	5p	-	69	28986	26616	26531	29129	111262	627	90	8	4	7	8	11	10	7	13	5	11	0	0	0	0	0	0	0	0	0
chr22	5p	-	70	27964	26058	26112	28132	108266	612	99	9	7	11	10	13	7	11	10	10	13	0	0	0	0	0	0	0	0	0
