# table produced by mapDamage version 2.2.1
# using mapped file d3.longreads.sorted.bam and chr22.fa.gz as reference file
# Chr: reference from sam/bam header, End: from which termini of DNA sequences, Std: strand of reads
Chr	End	Std	Pos	A	C	G	T	Total	G>A	C>T	A>G	T>C	A>C	A>T	C>G	C>A	T>G	T>A	G>C	G>T	A>-	T>-	C>-	G>-	->A	->T	->C	->G	S
chr22	3p	+	1	6864	10387	8038	11124	36413	409	37	85	7	9	6	75	227	94	237	6	7	0	0	0	0	0	0	0	0	0
chr22	3p	+	2	7883	8808	9633	10089	36413	294	24	45	6	3	6	53	99	57	72	6	5	0	0	0	0	0	0	0	0	0
chr22	3p	+	3	10223	7889	8995	9306	36413	274	30	10	1	4	5	8	57	5	50	1	1	0	0	0	0	0	0	0	0	0
chr22	3p	+	4	9721	8578	8899	9215	36413	157	25	9	6	2	5	10	6	5	8	4	2	0	0	0	0	0	0	0	0	0
chr22	3p	+	5	9469	8783	8915	9244	36411	109	26	3	2	2	3	3	9	5	5	2	1	0	0	0	0	1	0	1	0	0
chr22	3p	+	6	9598	8679	8788	9348	36413	110	21	3	3	4	2	1	5	2	0	0	2	0	0	0	0	0	0	0	0	0
chr22	3p	+	7	9710	8737	8762	9203	36412	77	33	4	2	6	1	4	3	3	3	3	5	0	0	0	0	1	0	0	0	0
chr22	3p	+	8	9439	8809	8849	9316	36413	93	24	2	6	3	3	2	2	3	2	3	4	0	0	0	0	0	0	0	0	0
chr22	3p	+	9	9814	8662	8664	9273	36413	66	27	3	1	4	1	1	3	5	5	5	6	0	0	0	0	0	0	0	0	0
chr22	3p	+	10	9633	8721	8821	9238	36413	65	31	3	3	2	3	5	5	0	4	2	1	0	0	0	0	0	0	0	0	0
chr22	3p	+	11	9530	8768	8742	9373	36413	53	31	4	2	1	1	2	3	2	6	6	3	0	0	0	0	0	0	0	0	0
chr22	3p	+	12	9555	8746	8790	9322	36413	68	30	1	4	2	3	2	2	2	3	1	4	0	0	0	0	0	0	0	0	0
chr22	3p	+	13	9488	8769	8812	9344	36413	64	27	4	2	5	2	1	3	4	2	2	1	0	0	0	0	0	0	0	0	0
chr22	3p	+	14	9470	8671	8852	9420	36413	63	32	3	5	5	4	2	2	3	3	4	3	0	0	0	0	0	0	0	0	0
chr22	3p	+	15	9463	8687	8839	9424	36413	64	31	3	2	3	2	2	2	3	1	2	4	0	0	0	0	0	0	0	0	0
chr22	3p	+	16	9495	8672	8862	9384	36413	62	34	4	4	7	4	0	6	2	4	6	3	0	0	0	0	0	0	0	0	0
chr22	3p	+	17	9500	8813	8725	9375	36413	62	32	1	1	2	4	6	4	1	3	3	5	0	0	0	0	0	0	0	0	0
chr22	3p	+	18	9522	8701	8778	9412	36413	65	33	3	2	4	4	2	5	0	2	5	3	0	0	0	0	0	0	0	0	0
chr22	3p	+	19	9556	8719	8758	9380	36413	62	36	2	5	6	3	4	1	1	3	3	3	0	0	0	0	0	0	0	0	0
chr22	3p	+	20	9474	8915	8556	9468	36413	58	24	1	2	7	3	1	0	7	0	1	2	0	0	0	0	0	0	0	0	0
chr22	3p	+	21	9609	8722	8701	9381	36413	47	35	5	2	2	3	3	3	1	2	4	3	0	0	0	0	0	0	0	0	0
chr22	3p	+	22	9607	8677	8802	9327	36413	57	38	5	2	5	2	2	2	3	3	7	4	0	0	0	0	0	0	0	0	0
chr22	3p	+	23	9655	8826	8625	9307	36413	60	34	2	3	3	0	3	3	4	6	3	2	0	0	0	0	0	0	0	0	0
chr22	3p	+	24	9691	8719	8781	9222	36413	47	34	3	2	3	4	2	3	4	2	1	4	0	0	0	0	0	0	0	0	0
chr22	3p	+	25	9334	8892	8692	9495	36413	57	48	3	4	2	3	6	0	7	3	1	1	0	0	0	0	0	0	0	0	0
chr22	3p	+	26	9343	8797	8740	9533	36413	49	40	2	2	2	2	5	3	5	3	3	4	0	0	0	0	0	0	0	0	0
chr22	3p	+	27	9347	8801	8826	9439	36413	64	34	7	7	4	2	10	3	1	4	0	5	0	0	0	0	0	0	0	0	0
chr22	3p	+	28	9442	8722	8906	9343	36413	46	33	3	6	2	6	3	4	2	3	4	5	0	0	0	0	0	0	0	0	0
chr22	3p	+	29	9657	8651	8633	9472	36413	49	37	4	3	5	3	5	5	3	4	7	4	0	0	0	0	0	0	0	0	0
chr22	3p	+	30	9623	8700	8823	9267	36413	49	36	1	3	2	2	5	2	4	3	7	4	0	0	0	0	0	0	0	0	0
chr22	3p	+	31	9409	8608	8915	9481	36413	47	48	1	7	4	3	4	3	3	3	2	2	0	0	0	0	0	0	0	0	0
chr22	3p	+	32	9503	8647	8820	9443	36413	49	44	1	3	4	2	3	5	3	2	6	3	0	0	0	0	0	0	0	0	0
chr22	3p	+	33	9510	8759	8680	9464	36413	49	33	5	4	5	6	0	2	1	3	6	8	0	0	0	0	0	0	0	0	0
chr22	3p	+	34	9531	8622	8892	9368	36413	54	42	1	0	4	4	1	6	3	1	1	4	0	0	0	0	0	0	0	0	0
chr22	3p	+	35	9533	8954	8640	9286	36413	43	54	3	1	5	3	4	8	1	0	2	2	0	0	0	0	0	0	0	0	0
chr22	3p	+	36	9504	8701	8707	9501	36413	51	34	5	6	5	5	3	4	6	4	3	4	0	0	0	0	0	0	0	0	0
chr22	3p	+	37	9500	8724	8795	9394	36413	44	46	4	6	4	4	3	2	3	3	3	2	0	0	0	0	0	0	0	0	0
chr22	3p	+	38	9526	8598	8866	9423	36413	48	38	2	5	4	3	3	9	0	2	5	4	0	0	0	0	0	0	0	0	0
chr22	3p	+	39	9593	8700	8722	9398	36413	40	44	6	3	5	6	0	2	1	4	4	4	0	0	0	0	0	0	0	0	0
chr22	3p	+	40	9523	8657	8802	9431	36413	59	42	6	2	0	0	1	2	4	3	4	1	0	0	0	0	0	0	0	0	0
chr22	3p	+	41	9555	8709	8697	9452	36413	49	47	5	2	6	5	3	1	3	1	1	4	0	0	0	0	0	0	0	0	0
chr22	3p	+	42	9543	8802	8792	9276	36413	42	47	4	3	2	1	2	2	4	2	3	3	0	0	0	0	0	0	0	0	0
chr22	3p	+	43	9418	8745	8833	9417	36413	43	58	4	3	4	2	2	2	4	3	4	2	0	0	0	0	0	0	0	0	0
chr22	3p	+	44	9479	8778	8780	9376	36413	42	48	3	1	4	6	2	6	5	2	1	8	0	0	0	0	0	0	0	0	0
chr22	3p	+	45	9468	8739	8832	9374	36413	47	60	7	4	8	3	1	4	1	2	3	4	0	0	0	0	0	0	0	0	0
chr22	3p	+	46	9618	8565	8789	9441	36413	46	50	4	0	5	4	4	5	4	4	8	6	0	0	0	0	0	0	0	0	0
chr22	3p	+	47	9421	8696	8785	9511	36413	47	51	6	3	6	5	2	0	3	3	4	3	0	0	0	0	0	0	0	0	0
chr22	3p	+	48	9575	8676	8785	9377	36413	33	42	1	2	5	3	4	3	1	3	2	3	0	0	0	0	0	0	0	0	0
chr22	3p	+	49	9312	8868	8734	9499	36413	48	48	4	3	2	3	2	2	3	2	3	5	0	0	0	0	0	0	0	0	0
chr22	3p	+	50	9386	8753	8764	9510	36413	34	50	5	5	4	3	2	2	1	1	2	2	0	0	0	0	0	0	0	0	0
chr22	3p	+	51	9523	8684	8643	9563	36413	41	48	4	5	3	1	1	4	3	4	6	1	0	0	0	0	0	0	0	0	0
chr22	3p	+	52	9530	8854	8706	9323	36413	44	57	3	4	6	5	1	3	3	1	7	1	0	0	0	0	0	0	0	0	0
chr22	3p	+	53	9581	8538	8838	9456	36413	30	43	6	5	3	5	2	2	3	5	4	1	0	0	0	0	0	0	0	0	0
chr22	3p	+	54	9379	8760	8796	9478	36413	35	48	0	3	1	3	1	2	2	8	4	3	0	0	0	0	0	0	0	0	0
chr22	3p	+	55	9406	8847	8647	9513	36413	33	55	4	3	4	4	5	3	3	7	4	2	0	0	0	0	0	0	0	0	0
chr22	3p	+	56	9542	8753	8785	9333	36413	38	60	3	4	4	2	6	2	2	0	4	5	0	0	0	0	0	0	0	0	0
chr22	3p	+	57	9364	8819	8882	9348	36413	39	61	4	3	6	3	2	4	4	5	3	4	0	0	0	0	0	0	0	0	0
chr22	3p	+	58	9507	8771	8781	9354	36413	43	53	5	3	4	3	0	4	2	2	5	2	0	0	0	0	0	0	0	0	0
chr22	3p	+	59	9480	8815	8965	9153	36413	36	64	3	7	2	3	3	5	1	0	4	0	0	0	0	0	0	0	0	0	0
chr22	3p	+	60	9482	8784	8662	9485	36413	33	54	5	0	3	3	2	1	2	2	1	3	0	0	0	0	0	0	0	0	0
chr22	3p	+	61	9533	8769	8723	9388	36413	36	58	5	1	9	1	0	3	7	3	8	3	0	0	0	0	0	0	0	0	0
chr22	3p	+	62	9452	8707	8838	9416	36413	35	59	3	4	4	2	4	2	0	7	4	4	0	0	0	0	0	0	0	0	0
chr22	3p	+	63	9306	8854	8871	9382	36413	30	73	4	2	7	5	3	5	6	2	3	3	0	0	0	0	0	0	0	0	0
chr22	3p	+	64	9483	8771	8812	9347	36413	32	59	1	5	6	3	1	4	2	2	3	4	0	0	0	0	0	0	0	0	0
chr22	3p	+	65	9386	8666	8887	9474	36413	30	53	5	4	5	3	6	4	7	2	3	5	0	0	0	0	0	0	0	0	0
chr22	3p	+	66	9464	8770	8743	9436	36413	35	54	4	4	3	5	3	4	1	5	8	7	0	0	0	0	0	0	0	0	0
chr22	3p	+	67	9512	8830	8734	9337	36413	30	62	3	3	5	3	2	4	6	3	5	1	0	0	0	0	0	0	0	0	0
chr22	3p	+	68	9591	8536	8788	9498	36413	34	57	3	3	2	2	2	2	3	1	5	1	0	0	0	0	0	0	0	0	0
chr22	3p	+	69	9363	8765	8800	9485	36413	31	53	0	1	4	5	9	5	1	3	5	0	0	0	0	0	0	0	0	0	0
chr22	3p	+	70	9491	8718	8783	9421	36413	24	68	3	6	3	2	6	5	1	3	3	1	0	0	0	0	0	0	0	0	0
chr22	3p	-	1	6640	10347	8100	11012	36099	399	38	90	11	7	10	66	227	84	238	9	10	0	0	0	0	0	0	0	0	0
chr22	3p	-	2	7909	8705	9412	10073	36099	279	31	63	8	2	8	53	73	61	81	4	11	0	0	0	0	0	0	0	0	0
chr22	3p	-	3	10081	7770	8794	9454	36099	257	20	10	3	1	3	13	51	5	68	5	5	0	0	0	0	0	0	0	0	0
chr22	3p	-	4	9686	8499	8678	9236	36099	160	25	6	5	4	3	9	6	5	5	4	2	0	0	0	0	0	0	0	0	0
chr22	3p	-	5	9371	8668	8884	9176	36099	92	24	7	3	2	0	2	3	3	10	2	5	0	0	0	0	0	0	0	0	0
chr22	3p	-	6	9423	8719	8589	9367	36098	91	24	5	2	3	1	1	2	7	1	3	1	0	0	0	0	1	0	0	0	0
chr22	3p	-	7	9660	8517	8627	9295	36099	92	30	2	2	6	3	3	4	1	4	1	4	0	0	0	0	0	0	0	0	0
chr22	3p	-	8	9442	8635	8880	9142	36099	69	28	3	5	4	3	2	0	2	0	4	3	0	0	0	0	0	0	0	0	0
chr22	3p	-	9	9681	8464	8601	9353	36099	80	24	2	2	1	2	1	3	1	2	3	4	0	0	0	0	0	0	0	0	0
chr22	3p	-	10	9341	8632	8720	9406	36099	64	32	3	0	3	2	2	5	3	4	5	1	0	0	0	0	0	0	0	0	0
chr22	3p	-	11	9398	8633	8714	9354	36099	71	25	3	2	2	3	2	3	4	2	2	2	0	0	0	0	0	0	0	0	0
chr22	3p	-	12	9508	8578	8734	9279	36099	59	31	1	4	2	3	2	1	2	1	2	5	0	0	0	0	0	0	0	0	0
chr22	3p	-	13	9263	8730	8664	9442	36099	41	35	2	2	6	2	3	1	4	6	4	1	0	0	0	0	0	0	0	0	0
chr22	3p	-	14	9339	8635	8760	9365	36099	62	38	1	2	3	2	1	6	3	3	3	4	0	0	0	0	0	0	0	0	0
chr22	3p	-	15	9348	8730	8619	9402	36099	62	35	3	6	3	2	4	3	4	0	1	2	0	0	0	0	0	0	0	0	0
chr22	3p	-	16	9421	8627	8808	9243	36099	50	29	1	5	3	7	2	2	2	2	3	3	0	0	0	0	0	0	0	0	0
chr22	3p	-	17	9426	8557	8648	9468	36099	62	23	5	0	3	4	2	3	1	1	2	1	0	0	0	0	0	0	0	0	0
chr22	3p	-	18	9285	8707	8847	9260	36099	48	24	6	2	4	2	1	3	4	3	6	4	0	0	0	0	0	0	0	0	0
chr22	3p	-	19	9296	8651	8673	9479	36099	49	20	6	4	4	1	4	5	1	2	3	6	0	0	0	0	0	0	0	0	0
chr22	3p	-	20	9391	8664	8515	9529	36099	57	36	6	3	2	0	1	2	6	2	3	2	0	0	0	0	0	0	0	0	0
chr22	3p	-	21	9324	8621	8661	9493	36099	62	29	2	4	1	2	3	2	2	2	4	6	0	0	0	0	0	0	0	0	0
chr22	3p	-	22	9496	8681	8651	9271	36099	58	27	5	4	3	4	2	4	2	1	5	3	0	0	0	0	0	0	0	0	0
chr22	3p	-	23	9367	8580	8753	9399	36099	47	32	1	1	3	4	3	2	4	3	5	4	0	0	0	0	0	0	0	0	0
chr22	3p	-	24	9392	8780	8620	9307	36099	51	37	7	3	3	1	1	3	1	0	3	4	0	0	0	0	0	0	0	0	0
chr22	3p	-	25	9380	8552	8759	9408	36099	56	44	2	2	1	6	4	0	4	5	3	3	0	0	0	0	0	0	0	0	0
chr22	3p	-	26	9208	8657	8677	9557	36099	40	46	1	5	4	3	3	2	2	3	3	1	0	0	0	0	0	0	0	0	0
chr22	3p	-	27	9280	8641	8788	9390	36099	54	42	2	2	3	3	5	4	1	2	2	2	0	0	0	0	0	0	0	0	0
chr22	3p	-	28	9294	8667	8678	9460	36099	55	45	3	6	2	4	3	4	1	5	1	5	0	0	0	0	0	0	0	0	0
chr22	3p	-	29	9327	8603	8588	9581	36099	44	40	4	1	2	2	4	6	2	6	3	3	0	0	0	0	0	0	0	0	0
chr22	3p	-	30	9429	8528	8735	9407	36099	57	43	7	3	4	2	7	2	2	1	3	1	0	0	0	0	0	0	0	0	0
chr22	3p	-	31	9294	8611	8682	9512	36099	50	47	5	1	6	1	6	1	5	4	2	5	0	0	0	0	0	0	0	0	0
chr22	3p	-	32	9309	8692	8649	9449	36099	50	41	2	0	1	2	6	4	1	2	2	3	0	0	0	0	0	0	0	0	0
chr22	3p	-	33	9396	8514	8622	9567	36099	54	44	4	1	1	2	2	5	4	4	4	1	0	0	0	0	0	0	0	0	0
chr22	3p	-	34	9248	8807	8671	9373	36099	49	43	1	6	2	6	5	4	0	0	3	3	0	0	0	0	0	0	0	0	0
chr22	3p	-	35	9357	8703	8761	9278	36099	49	42	1	3	3	2	4	4	3	3	4	7	0	0	0	0	0	0	0	0	0
chr22	3p	-	36	9461	8651	8533	9454	36099	50	44	2	3	1	2	2	5	1	2	1	7	0	0	0	0	0	0	0	0	0
chr22	3p	-	37	9260	8684	8713	9442	36099	54	44	3	5	3	4	4	3	4	4	5	3	0	0	0	0	0	0	0	0	0
chr22	3p	-	38	9298	8644	8757	9400	36099	42	45	4	6	1	2	2	4	3	2	4	3	0	0	0	0	0	0	0	0	0
chr22	3p	-	39	9179	8726	8737	9457	36099	50	51	1	5	3	4	5	2	1	1	7	2	0	0	0	0	0	0	0	0	0
chr22	3p	-	40	9310	8564	8743	9482	36099	41	45	2	3	3	2	3	9	0	5	3	3	0	0	0	0	0	0	0	0	0
chr22	3p	-	41	9379	8683	8670	9367	36099	44	43	3	2	2	2	2	5	0	6	2	2	0	0	0	0	0	0	0	0	0
chr22	3p	-	42	9310	8712	8594	9483	36099	58	48	6	3	3	4	6	2	2	3	2	4	0	0	0	0	0	0	0	0	0
chr22	3p	-	43	9328	8605	8700	9466	36099	52	52	4	2	4	5	6	4	2	5	2	3	0	0	0	0	0	0	0	0	0
chr22	3p	-	44	9304	8693	8679	9423	36099	37	37	8	6	2	7	7	6	4	2	3	2	0	0	0	0	0	0	0	0	0
chr22	3p	-	45	9354	8791	8648	9306	36099	49	48	4	3	3	2	2	5	2	1	4	4	0	0	0	0	0	0	0	0	0
chr22	3p	-	46	9339	8678	8650	9432	36099	43	43	2	5	2	4	4	5	0	2	2	2	0	0	0	0	0	0	0	0	0
chr22	3p	-	47	9469	8661	8567	9402	36099	36	49	5	1	5	2	2	2	3	2	2	2	0	0	0	0	0	0	0	0	0
chr22	3p	-	48	9449	8762	8619	9269	36099	46	31	6	5	7	4	4	2	2	3	2	3	0	0	0	0	0	0	0	0	0
chr22	3p	-	49	9254	8726	8718	9401	36099	41	40	3	5	0	3	2	3	2	4	5	4	0	0	0	0	0	0	0	0	0
chr22	3p	-	50	9302	8807	8594	9396	36099	44	52	4	1	3	4	2	2	3	0	2	4	0	0	0	0	0	0	0	0	0
chr22	3p	-	51	9247	8699	8632	9521	36099	46	40	8	1	6	7	3	2	6	4	0	0	0	0	0	0	0	0	0	0	0
chr22	3p	-	52	9396	8659	8616	9428	36099	37	58	2	2	5	2	2	4	4	2	4	3	0	0	0	0	0	0	0	0	0
chr22	3p	-	53	9359	8607	8592	9541	36099	38	52	5	3	4	8	3	2	2	3	8	3	0	0	0	0	0	0	0	0	0
chr22	3p	-	54	9446	8659	8712	9282	36099	33	61	2	4	2	1	7	4	1	5	6	3	0	0	0	0	0	0	0	0	0
chr22	3p	-	55	9289	8752	8629	9429	36099	40	45	7	3	6	3	6	3	1	5	1	2	0	0	0	0	0	0	0	0	0
chr22	3p	-	56	9379	8679	8627	9414	36099	37	72	2	3	3	8	1	3	0	3	5	2	0	0	0	0	0	0	0	0	0
chr22	3p	-	57	9275	8787	8507	9530	36099	36	55	7	3	2	3	2	1	6	7	1	3	0	0	0	0	0	0	0	0	0
chr22	3p	-	58	9203	8794	8629	9473	36099	36	43	4	1	3	3	2	4	4	4	5	2	0	0	0	0	0	0	0	0	0
chr22	3p	-	59	9408	8493	8785	9413	36099	45	56	4	4	5	8	3	5	5	5	7	3	0	0	0	0	0	0	0	0	0
chr22	3p	-	60	9437	8585	8638	9439	36099	31	66	3	7	4	5	5	1	1	4	1	6	0	0	0	0	0	0	0	0	0
chr22	3p	-	61	9240	8709	8758	9392	36099	29	63	5	5	5	1	6	5	7	1	4	4	0	0	0	0	0	0	0	0	0
chr22	3p	-	62	9233	8754	8646	9466	36099	36	59	4	4	3	3	2	4	3	5	2	4	0	0	0	0	0	0	0	0	0
chr22	3p	-	63	9174	8675	8755	9495	36099	43	57	4	4	7	2	6	8	3	4	5	7	0	0	0	0	0	0	0	0	0
chr22	3p	-	64	9287	8667	8675	9470	36099	41	66	5	4	3	3	7	4	5	2	2	4	0	0	0	0	0	0	0	0	0
chr22	3p	-	65	9506	8583	8656	9354	36099	31	62	9	5	2	8	6	3	6	5	4	7	0	0	0	0	0	0	0	0	0
chr22	3p	-	66	9214	8503	8807	9575	36099	33	61	4	2	3	0	3	3	2	4	5	2	0	0	0	0	0	0	0	0	0
chr22	3p	-	67	9354	8570	8656	9519	36099	36	48	2	5	6	5	6	2	2	6	5	4	0	0	0	0	0	0	0	0	0
chr22	3p	-	68	9200	8675	8839	9385	36099	31	44	3	2	4	5	2	3	3	3	5	3	0	0	0	0	0	0	0	0	0
chr22	3p	-	69	9328	8583	8670	9518	36099	33	43	2	4	4	5	4	2	4	4	3	4	0	0	0	0	0	0	0	0	0
chr22	3p	-	70	9329	8728	8578	9464	36099	27	59	5	2	3	0	3	0	4	4	4	2	0	0	0	0	0	0	0	0	0
chr22	5p	+	1	9492	8585	8782	9554	36413	7	1880	5	0	1	2	3	2	3	3	2	3	0	0	0	0	0	0	0	0	0
chr22	5p	+	2	9518	8529	8916	9450	36413	11	1280	1	5	3	1	3	1	2	3	2	1	0	0	0	0	0	0	0	0	0
chr22	5p	+	3	9527	8674	8744	9468	36413	14	848	3	5	8	4	6	12	5	5	4	7	0	0	0	0	0	0	0	0	0
chr22	5p	+	4	9447	8788	8762	9416	36413	16	567	7	3	3	3	4	6	2	5	2	5	0	0	0	0	0	0	0	0	0
chr22	5p	+	5	9307	8707	8915	9484	36413	13	388	1	4	2	5	3	3	4	2	2	1	0	0	0	0	0	0	0	0	0
chr22	5p	+	6	9449	8730	8754	9480	36413	14	270	3	3	2	1	5	2	4	1	3	7	0	0	0	0	0	0	0	0	0
chr22	5p	+	7	9536	8657	8794	9426	36413	17	187	3	2	3	7	2	3	2	0	5	7	0	0	0	0	0	0	0	0	0
chr22	5p	+	8	9480	8672	8816	9445	36413	12	141	1	1	3	1	3	0	1	5	2	4	0	0	0	0	0	0	0	0	0
chr22	5p	+	9	9496	8708	8768	9441	36413	26	128	5	2	1	4	0	3	2	5	3	2	0	0	0	0	0	0	0	0	0
chr22	5p	+	10	9522	8562	8853	9476	36413	20	106	3	1	3	3	4	2	3	4	3	0	0	0	0	0	0	0	0	0	0
chr22	5p	+	11	9511	8643	8810	9449	36413	18	99	2	1	0	3	3	6	5	4	0	2	0	0	0	0	0	0	0	0	0
chr22	5p	+	12	9454	8849	8711	9399	36413	20	78	3	0	2	2	1	2	4	3	4	2	0	0	0	0	0	0	0	0	0
chr22	5p	+	13	9437	8685	8742	9549	36413	20	70	2	3	5	3	2	2	5	6	1	3	0	0	0	0	0	0	0	0	0
chr22	5p	+	14	9288	8875	8836	9414	36413	24	80	4	1	3	0	3	2	4	4	1	5	0	0	0	0	0	0	0	0	0
chr22	5p	+	15	9339	8699	8670	9705	36413	16	79	3	0	3	4	2	3	3	3	6	3	0	0	0	0	0	0	0	0	0
chr22	5p	+	16	9320	8763	8830	9500	36413	21	75	1	0	5	2	0	2	1	4	0	1	0	0	0	0	0	0	0	0	0
chr22	5p	+	17	9346	8787	8939	9341	36413	14	73	0	1	1	3	0	4	5	2	1	0	0	0	0	0	0	0	0	0	0
chr22	5p	+	18	9576	8739	8729	9369	36413	20	70	8	2	3	1	2	4	4	0	3	3	0	0	0	0	0	0	0	0	0
chr22	5p	+	19	9376	8738	8746	9553	36413	21	73	3	1	3	0	1	0	4	3	2	0	0	0	0	0	0	0	0	0	0
chr22	5p	+	20	9416	8796	8887	9314	36413	17	61	4	3	2	4	1	0	5	1	0	3	0	0	0	0	0	0	0	0	0
chr22	5p	+	21	9630	8642	8675	9466	36413	25	73	4	1	3	0	2	2	2	3	2	2	0	0	0	0	0	0	0	0	0
chr22	5p	+	22	9571	8808	8787	9247	36413	29	67	0	1	1	5	1	2	2	2	5	7	0	0	0	0	0	0	0	0	0
chr22	5p	+	23	9498	8792	8813	9310	36413	18	58	3	3	2	4	2	3	0	1	1	2	0	0	0	0	0	0	0	0	0
chr22	5p	+	24	9528	8722	8772	9391	36413	31	59	1	4	1	3	3	1	2	3	8	1	0	0	0	0	0	0	0	0	0
chr22	5p	+	25	9611	8772	8619	9411	36413	35	60	1	4	2	3	0	2	4	4	4	3	0	0	0	0	0	0	0	0	0
chr22	5p	+	26	9381	8744	8797	9491	36413	29	66	3	2	3	1	0	4	2	5	1	4	0	0	0	0	0	0	0	0	0
chr22	5p	+	27	9417	8709	8641	9646	36413	23	51	4	0	4	3	4	1	7	3	6	2	0	0	0	0	0	0	0	0	0
chr22	5p	+	28	9496	8827	8646	9444	36413	33	57	5	4	1	2	3	2	1	2	3	1	0	0	0	0	0	0	0	0	0
chr22	5p	+	29	9569	8706	8727	9411	36413	30	76	4	2	3	1	6	2	1	4	3	5	0	0	0	0	0	0	0	0	0
chr22	5p	+	30	9473	8720	8754	9466	36413	29	55	1	4	3	2	5	3	4	3	7	3	0	0	0	0	0	0	0	0	0
chr22	5p	+	31	9491	8718	8783	9421	36413	24	68	3	6	3	2	6	5	1	3	3	1	0	0	0	0	0	0	0	0	0
chr22	5p	+	32	9363	8765	8800	9485	36413	31	53	0	1	4	5	9	5	1	3	5	0	0	0	0	0	0	0	0	0	0
chr22	5p	+	33	9591	8536	8788	9498	36413	34	57	3	3	2	2	2	2	3	1	5	1	0	0	0	0	0	0	0	0	0
chr22	5p	+	34	9512	8830	8734	9337	36413	30	62	3	3	5	3	2	4	6	3	5	1	0	0	0	0	0	0	0	0	0
chr22	5p	+	35	9464	8770	8743	9436	36413	35	54	4	4	3	5	3	4	1	5	8	7	0	0	0	0	0	0	0	0	0
chr22	5p	+	36	9386	8666	8887	9474	36413	30	53	5	4	5	3	6	4	7	2	3	5	0	0	0	0	0	0	0	0	0
chr22	5p	+	37	9483	8771	8812	9347	36413	32	59	1	5	6	3	1	4	2	2	3	4	0	0	0	0	0	0	0	0	0
chr22	5p	+	38	9306	8854	8871	9382	36413	30	73	4	2	7	5	3	5	6	2	3	3	0	0	0	0	0	0	0	0	0
chr22	5p	+	39	9452	8707	8838	9416	36413	35	59	3	4	4	2	4	2	0	7	4	4	0	0	0	0	0	0	0	0	0
chr22	5p	+	40	9533	8769	8723	9388	36413	36	58	5	1	9	1	0	3	7	3	8	3	0	0	0	0	0	0	0	0	0
chr22	5p	+	41	9482	8784	8662	9485	36413	33	54	5	0	3	3	2	1	2	2	1	3	0	0	0	0	0	0	0	0	0
chr22	5p	+	42	9480	8815	8965	9153	36413	36	64	3	7	2	3	3	5	1	0	4	0	0	0	0	0	0	0	0	0	0
chr22	5p	+	43	9507	8771	8781	9354	36413	43	53	5	3	4	3	0	4	2	2	5	2	0	0	0	0	0	0	0	0	0
chr22	5p	+	44	9364	8819	8882	9348	36413	39	61	4	3	6	3	2	4	4	5	3	4	0	0	0	0	0	0	0	0	0
chr22	5p	+	45	9542	8753	8785	9333	36413	38	60	3	4	4	2	6	2	2	0	4	5	0	0	0	0	0	0	0	0	0
chr22	5p	+	46	9406	8847	8647	9513	36413	33	55	4	3	4	4	5	3	3	7	4	2	0	0	0	0	0	0	0	0	0
chr22	5p	+	47	9379	8760	8796	9478	36413	35	48	0	3	1	3	1	2	2	8	4	3	0	0	0	0	0	0	0	0	0
chr22	5p	+	48	9581	8538	8838	9456	36413	30	43	6	5	3	5	2	2	3	5	4	1	0	0	0	0	0	0	0	0	0
chr22	5p	+	49	9530	8854	8706	9323	36413	44	57	3	4	6	5	1	3	3	1	7	1	0	0	0	0	0	0	0	0	0
chr22	5p	+	50	9523	8684	8643	9563	36413	41	48	4	5	3	1	1	4	3	4	6	1	0	0	0	0	0	0	0	0	0
chr22	5p	+	51	9386	8753	8764	9510	36413	34	50	5	5	4	3	2	2	1	1	2	2	0	0	0	0	0	0	0	0	0
chr22	5p	+	52	9312	8868	8734	9499	36413	48	48	4	3	2	3	2	2	3	2	3	5	0	0	0	0	0	0	0	0	0
chr22	5p	+	53	9575	8676	8785	9377	36413	33	42	1	2	5	3	4	3	1	3	2	3	0	0	0	0	0	0	0	0	0
chr22	5p	+	54	9421	8696	8785	9511	36413	47	51	6	3	6	5	2	0	3	3	4	3	0	0	0	0	0	0	0	0	0
chr22	5p	+	55	9618	8565	8789	9441	36413	46	50	4	0	5	4	4	5	4	4	8	6	0	0	0	0	0	0	0	0	0
chr22	5p	+	56	9468	8739	8832	9374	36413	47	60	7	4	8	3	1	4	1	2	3	4	0	0	0	0	0	0	0	0	0
chr22	5p	+	57	9479	8778	8780	9376	36413	42	48	3	1	4	6	2	6	5	2	1	8	0	0	0	0	0	0	0	0	0
chr22	5p	+	58	9418	8745	8833	9417	36413	43	58	4	3	4	2	2	2	4	3	4	2	0	0	0	0	0	0	0	0	0
chr22	5p	+	59	9543	8802	8792	9276	36413	42	47	4	3	2	1	2	2	4	2	3	3	0	0	0	0	0	0	0	0	0
chr22	5p	+	60	9555	8709	8697	9452	36413	49	47	5	2	6	5	3	1	3	1	1	4	0	0	0	0	0	0	0	0	0
chr22	5p	+	61	9523	8657	8802	9431	36413	59	42	6	2	0	0	1	2	4	3	4	1	0	0	0	0	0	0	0	0	0
chr22	5p	+	62	9593	8700	8722	9398	36413	40	44	6	3	5	6	0	2	1	4	4	4	0	0	0	0	0	0	0	0	0
chr22	5p	+	63	9526	8598	8866	9423	36413	48	38	2	5	4	3	3	9	0	2	5	4	0	0	0	0	0	0	0	0	0
chr22	5p	+	64	9500	8724	8795	9394	36413	44	46	4	6	4	4	3	2	3	3	3	2	0	0	0	0	0	0	0	0	0
chr22	5p	+	65	9504	8701	8707	9501	36413	51	34	5	6	5	5	3	4	6	4	3	4	0	0	0	0	0	0	0	0	0
chr22	5p	+	66	9533	8954	8640	9286	36413	43	54	3	1	5	3	4	8	1	0	2	2	0	0	0	0	0	0	0	0	0
chr22	5p	+	67	9531	8622	8892	9368	36413	54	42	1	0	4	4	1	6	3	1	1	4	0	0	0	0	0	0	0	0	0
chr22	5p	+	68	9510	8759	8680	9464	36413	49	33	5	4	5	6	0	2	1	3	6	8	0	0	0	0	0	0	0	0	0
chr22	5p	+	69	9503	8647	8820	9443	36413	49	44	1	3	4	2	3	5	3	2	6	3	0	0	0	0	0	0	0	0	0
chr22	5p	+	70	9409	8608	8915	9481	36413	47	48	1	7	4	3	4	3	3	3	2	2	0	0	0	0	0	0	0	0	0
chr22	5p	-	1	9455	8681	8661	9302	36099	11	1886	9	5	6	3	1	2	2	4	3	6	0	0	0	0	0	0	0	0	0
chr22	5p	-	2	9350	8701	8721	9327	36099	8	1275	5	2	1	1	2	1	3	2	4	4	0	0	0	0	0	0	0	0	0
chr22	5p	-	3	9530	8803	8489	9277	36099	17	861	8	7	5	4	7	10	8	6	8	9	0	0	0	0	0	0	0	0	0
chr22	5p	-	4	9417	8592	8668	9422	36099	13	574	4	5	3	6	9	10	7	5	5	5	0	0	0	0	0	0	0	0	0
chr22	5p	-	5	9422	8586	8727	9364	36099	16	389	0	2	4	4	5	2	3	0	3	5	0	0	0	0	0	0	0	0	0
chr22	5p	-	6	9503	8669	8648	9279	36099	13	258	5	5	5	3	5	4	6	1	1	3	0	0	0	0	0	0	0	0	0
chr22	5p	-	7	9501	8542	8690	9366	36099	17	176	3	6	1	5	3	0	3	3	7	1	0	0	0	0	0	0	0	0	0
chr22	5p	-	8	9429	8591	8693	9386	36099	15	147	3	2	3	3	0	0	2	4	1	1	0	0	0	0	0	0	0	0	0
chr22	5p	-	9	9439	8659	8578	9423	36099	23	137	2	5	4	1	2	2	4	1	6	2	0	0	0	0	0	0	0	0	0
chr22	5p	-	10	9435	8620	8598	9446	36099	25	109	1	1	2	5	3	6	4	3	3	5	0	0	0	0	0	0	0	0	0
chr22	5p	-	11	9320	8710	8794	9275	36099	20	97	2	0	7	2	1	0	0	0	4	7	0	0	0	0	0	0	0	0	0
chr22	5p	-	12	9309	8804	8651	9335	36099	22	74	2	1	4	1	0	1	3	3	2	4	0	0	0	0	0	0	0	0	0
chr22	5p	-	13	9276	8665	8688	9470	36099	21	78	1	5	3	2	6	3	9	3	2	3	0	0	0	0	0	0	0	0	0
chr22	5p	-	14	9288	8682	8745	9384	36099	20	80	1	1	2	5	0	1	2	1	2	2	0	0	0	0	0	0	0	0	0
chr22	5p	-	15	9433	8624	8764	9278	36099	20	65	4	2	2	3	4	1	1	2	1	3	0	0	0	0	0	0	0	0	0
chr22	5p	-	16	9465	8572	8647	9415	36099	22	64	2	1	1	1	4	1	2	3	0	1	0	0	0	0	0	0	0	0	0
chr22	5p	-	17	9447	8770	8582	9300	36099	30	77	1	5	4	5	2	5	2	3	3	2	0	0	0	0	0	0	0	0	0
chr22	5p	-	18	9471	8495	8728	9405	36099	13	59	1	3	2	1	4	1	3	3	4	2	0	0	0	0	0	0	0	0	0
chr22	5p	-	19	9427	8705	8565	9402	36099	22	61	1	3	0	0	1	0	4	1	4	3	0	0	0	0	0	0	0	0	0
chr22	5p	-	20	9395	8680	8630	9394	36099	18	53	2	4	3	3	3	2	2	4	3	2	0	0	0	0	0	0	0	0	0
chr22	5p	-	21	9353	8572	8739	9435	36099	32	79	3	1	4	3	2	1	2	1	1	2	0	0	0	0	0	0	0	0	0
chr22	5p	-	22	9343	8599	8684	9473	36099	26	70	3	1	1	2	1	1	3	2	0	3	0	0	0	0	0	0	0	0	0
chr22	5p	-	23	9487	8418	8776	9418	36099	25	53	1	1	2	5	2	2	3	2	1	2	0	0	0	0	0	0	0	0	0
chr22	5p	-	24	9352	8666	8731	9350	36099	22	56	2	2	3	4	1	2	2	2	2	3	0	0	0	0	0	0	0	0	0
chr22	5p	-	25	9425	8688	8591	9395	36099	24	65	2	1	3	5	3	0	1	2	6	5	0	0	0	0	0	0	0	0	0
chr22	5p	-	26	9345	8505	8669	9580	36099	26	52	7	1	1	1	3	2	2	3	2	3	0	0	0	0	0	0	0	0	0
chr22	5p	-	27	9401	8680	8584	9434	36099	27	61	7	0	4	1	0	1	3	4	4	3	0	0	0	0	0	0	0	0	0
chr22	5p	-	28	9378	8615	8651	9455	36099	26	60	5	1	2	4	4	4	5	3	3	5	0	0	0	0	0	0	0	0	0
chr22	5p	-	29	9438	8586	8662	9413	36099	23	52	3	0	3	3	1	3	5	0	1	6	0	0	0	0	0	0	0	0	0
chr22	5p	-	30	9371	8655	8679	9394	36099	38	72	10	2	2	3	4	2	5	2	1	5	0	0	0	0	0	0	0	0	0
chr22	5p	-	31	9329	8728	8578	9464	36099	27	59	5	2	3	0	3	0	4	4	4	2	0	0	0	0	0	0	0	0	0
chr22	5p	-	32	9328	8583	8670	9518	36099	33	43	2	4	4	5	4	2	4	4	3	4	0	0	0	0	0	0	0	0	0
chr22	5p	-	33	9200	8675	8839	9385	36099	31	44	3	2	4	5	2	3	3	3	5	3	0	0	0	0	0	0	0	0	0
chr22	5p	-	34	9354	8570	8656	9519	36099	36	48	2	5	6	5	6	2	2	6	5	4	0	0	0	0	0	0	0	0	0
chr22	5p	-	35	9214	8503	8807	9575	36099	33	61	4	2	3	0	3	3	2	4	5	2	0	0	0	0	0	0	0	0	0
chr22	5p	-	36	9506	8583	8656	9354	36099	31	62	9	5	2	8	6	3	6	5	4	7	0	0	0	0	0	0	0	0	0
chr22	5p	-	37	9287	8667	8675	9470	36099	41	66	5	4	3	3	7	4	5	2	2	4	0	0	0	0	0	0	0	0	0
chr22	5p	-	38	9174	8675	8755	9495	36099	43	57	4	4	7	2	6	8	3	4	5	7	0	0	0	0	0	0	0	0	0
chr22	5p	-	39	9233	8754	8646	9466	36099	36	59	4	4	3	3	2	4	3	5	2	4	0	0	0	0	0	0	0	0	0
chr22	5p	-	40	9240	8709	8758	9392	36099	29	63	5	5	5	1	6	5	7	1	4	4	0	0	0	0	0	0	0	0	0
chr22	5p	-	41	9437	8585	8638	9439	36099	31	66	3	7	4	5	5	1	1	4	1	6	0	0	0	0	0	0	0	0	0
chr22	5p	-	42	9408	8493	8785	9413	36099	45	56	4	4	5	8	3	5	5	5	7	3	0	0	0	0	0	0	0	0	0
chr22	5p	-	43	9203	8794	8629	9473	36099	36	43	4	1	3	3	2	4	4	4	5	2	0	0	0	0	0	0	0	0	0
chr22	5p	-	44	9275	8787	8507	9530	36099	36	55	7	3	2	3	2	1	6	7	1	3	0	0	0	0	0	0	0	0	0
chr22	5p	-	45	9379	8679	8627	9414	36099	37	72	2	3	3	8	1	3	0	3	5	2	0	0	0	0	0	0	0	0	0
chr22	5p	-	46	9289	8752	8629	9429	36099	40	45	7	3	6	3	6	3	1	5	1	2	0	0	0	0	0	0	0	0	0
chr22	5p	-	47	9446	8659	8712	9282	36099	33	61	2	4	2	1	7	4	1	5	6	3	0	0	0	0	0	0	0	0	0
chr22	5p	-	48	9359	8607	8592	9541	36099	38	52	5	3	4	8	3	2	2	3	8	3	0	0	0	0	0	0	0	0	0
chr22	5p	-	49	9396	8659	8616	9428	36099	37	58	2	2	5	2	2	4	4	2	4	3	0	0	0	0	0	0	0	0	0
chr22	5p	-	50	9247	8699	8632	9521	36099	46	40	8	1	6	7	3	2	6	4	0	0	0	0	0	0	0	0	0	0	0
chr22	5p	-	51	9302	8807	8594	9396	36099	44	52	4	1	3	4	2	2	3	0	2	4	0	0	0	0	0	0	0	0	0
chr22	5p	-	52	9254	8726	8718	9401	36099	41	40	3	5	0	3	2	3	2	4	5	4	0	0	0	0	0	0	0	0	0
chr22	5p	-	53	9449	8762	8619	9269	36099	46	31	6	5	7	4	4	2	2	3	2	3	0	0	0	0	0	0	0	0	0
chr22	5p	-	54	9469	8661	8567	9402	36099	36	49	5	1	5	2	2	2	3	2	2	2	0	0	0	0	0	0	0	0	0
chr22	5p	-	55	9339	8678	8650	9432	36099	43	43	2	5	2	4	4	5	0	2	2	2	0	0	0	0	0	0	0	0	0
chr22	5p	-	56	9354	8791	8648	9306	36099	49	48	4	3	3	2	2	5	2	1	4	4	0	0	0	0	0	0	0	0	0
chr22	5p	-	57	9304	8693	8679	9423	36099	37	37	8	6	2	7	7	6	4	2	3	2	0	0	0	0	0	0	0	0	0
chr22	5p	-	58	9328	8605	8700	9466	36099	52	52	4	2	4	5	6	4	2	5	2	3	0	0	0	0	0	0	0	0	0
chr22	5p	-	59	9310	8712	8594	9483	36099	58	48	6	3	3	4	6	2	2	3	2	4	0	0	0	0	0	0	0	0	0
chr22	5p	-	60	9379	8683	8670	9367	36099	44	43	3	2	2	2	2	5	0	6	2	2	0	0	0	0	0	0	0	0	0
chr22	5p	-	61	9310	8564	8743	9482	36099	41	45	2	3	3	2	3	9	0	5	3	3	0	0	0	0	0	0	0	0	0
chr22	5p	-	62	9179	8726	8737	9457	36099	50	51	1	5	3	4	5	2	1	1	7	2	0	0	0	0	0	0	0	0	0
chr22	5p	-	63	9298	8644	8757	9400	36099	42	45	4	6	1	2	2	4	3	2	4	3	0	0	0	0	0	0	0	0	0
chr22	5p	-	64	9260	8684	8713	9442	36099	54	44	3	5	3	4	4	3	4	4	5	3	0	0	0	0	0	0	0	0	0
chr22	5p	-	65	9461	8651	8533	9454	36099	50	44	2	3	1	2	2	5	1	2	1	7	0	0	0	0	0	0	0	0	0
chr22	5p	-	66	9357	8703	8761	9278	36099	49	42	1	3	3	2	4	4	3	3	4	7	0	0	0	0	0	0	0	0	0
chr22	5p	-	67	9248	8807	8671	9373	36099	49	43	1	6	2	6	5	4	0	0	3	3	0	0	0	0	0	0	0	0	0
chr22	5p	-	68	9396	8514	8622	9567	36099	54	44	4	1	1	2	2	5	4	4	4	1	0	0	0	0	0	0	0	0	0
chr22	5p	-	69	9309	8692	8649	9449	36099	50	41	2	0	1	2	6	4	1	2	2	3	0	0	0	0	0	0	0	0	0
chr22	5p	-	70	9294	8611	8682	9512	36099	50	47	5	1	6	1	6	1	5	4	2	5	0	0	0	0	0	0	0	0	0
